1,1
1,2
1,3
1,2
1,1
2,1
3,1
4,1
5,1
5,2
5,3
6,3
7,3
7,2
7,1
8,1
9,1
10,1
11,1
12,1
13,1
14,1
15,1
15,2
15,3
16,3
17,3
17,2
17,1
17,2
17,3
17,4
17,5
17,6
17,7
17,8
17,9
16,9
15,9
15,10
15,11
14,11
13,11
13,10
13,9
12,9
11,9
11,10
11,11
11,12
11,13
10,13
9,13
10,13
11,13
12,13
13,13
13,14
13,15
13,16
13,17
12,17
11,17
11,16
11,15
10,15
9,15
9,16
9,17
8,17
7,17
6,17
5,17
4,17
3,17
2,17
1,17
1,16
1,15
1,14
1,13
2,13
3,13
3,12
3,11
4,11
5,11
5,10
5,9
6,9
7,9
7,10
7,11
8,11
9,11
9,10
9,9